,Id,SalePrice
0,1461,120483.375
1,1462,162067.16
2,1463,188281.34
3,1464,201707.08
4,1465,180449.4
5,1466,171975.92
6,1467,184195.53
7,1468,164746.62
8,1469,178295.97
9,1470,127613.46
10,1471,187736.73
11,1472,99991.19
12,1473,101263.83
13,1474,149091.88
14,1475,114416.59
15,1476,400119.78
16,1477,248124.98
17,1478,304607.97
18,1479,303750.66
19,1480,507748.75
20,1481,338669.06
21,1482,207968.39
22,1483,181105.5
23,1484,161812.16
24,1485,181516.27
25,1486,194299.53
26,1487,344678.38
27,1488,229522.8
28,1489,204379.48
29,1490,228750.7
30,1491,189714.45
31,1492,92414.85
32,1493,210746.64
33,1494,292459.2
34,1495,274609.47
35,1496,225259.2
36,1497,174261.16
37,1498,158178.7
38,1499,160474.16
39,1500,161054.33
40,1501,170638.08
41,1502,154550.39
42,1503,277900.16
43,1504,244151.39
44,1505,234128.77
45,1506,177438.62
46,1507,240798.08
47,1508,198005.47
48,1509,157286.92
49,1510,149231.0
50,1511,145347.7
51,1512,172953.06
52,1513,136189.56
53,1514,157764.5
54,1515,198612.17
55,1516,161664.44
56,1517,173048.25
57,1518,142052.58
58,1519,216242.53
59,1520,135222.78
60,1521,134380.0
61,1522,164542.98
62,1523,114014.83
63,1524,120295.63
64,1525,116322.805
65,1526,115773.12
66,1527,112027.69
67,1528,134839.38
68,1529,144244.02
69,1530,179109.23
70,1531,127799.63
71,1532,96593.19
72,1533,135531.3
73,1534,131261.38
74,1535,151961.73
75,1536,117418.73
76,1537,81741.78
77,1538,149208.6
78,1539,188096.22
79,1540,87530.83
80,1541,146851.64
81,1542,133732.16
82,1543,201445.44
83,1544,89319.28
84,1545,102122.74
85,1546,128970.51
86,1547,134743.2
87,1548,130507.22
88,1549,118521.016
89,1550,135041.64
90,1551,108336.21
91,1552,136766.94
92,1553,160921.94
93,1554,106078.46
94,1555,175271.9
95,1556,91084.29
96,1557,95559.61
97,1558,107327.59
98,1559,86106.53
99,1560,139077.75
100,1561,124530.87
101,1562,128778.16
102,1563,118576.75
103,1564,160468.06
104,1565,157337.48
105,1566,256640.69
106,1567,75934.62
107,1568,213407.12
108,1569,148142.47
109,1570,145060.98
110,1571,133153.53
111,1572,150031.8
112,1573,249547.36
113,1574,121542.22
114,1575,218079.66
115,1576,264469.1
116,1577,206253.69
117,1578,148095.6
118,1579,150450.25
119,1580,189126.61
120,1581,160847.69
121,1582,126366.445
122,1583,313404.72
123,1584,240386.12
124,1585,140025.47
125,1586,81534.25
126,1587,101510.734
127,1588,155381.47
128,1589,93691.57
129,1590,131766.7
130,1591,95932.555
131,1592,124721.75
132,1593,126617.69
133,1594,135313.08
134,1595,108326.766
135,1596,219276.42
136,1597,173775.16
137,1598,191830.75
138,1599,179442.34
139,1600,173618.52
140,1601,54969.402
141,1602,110422.836
142,1603,98848.875
143,1604,270437.62
144,1605,236716.64
145,1606,174972.89
146,1607,177334.77
147,1608,220271.4
148,1609,193527.31
149,1610,149456.34
150,1611,149292.12
151,1612,172808.48
152,1613,172116.53
153,1614,120100.5
154,1615,89538.664
155,1616,68916.3
156,1617,95622.62
157,1618,120381.914
158,1619,150618.22
159,1620,177688.6
160,1621,139448.56
161,1622,143428.11
162,1623,303012.9
163,1624,222831.19
164,1625,120852.14
165,1626,150921.7
166,1627,185979.62
167,1628,277465.06
168,1629,174624.19
169,1630,331987.1
170,1631,200501.73
171,1632,226299.11
172,1633,175610.27
173,1634,191981.2
174,1635,177514.25
175,1636,158647.16
176,1637,185970.95
177,1638,202195.72
178,1639,171678.17
179,1640,241788.06
180,1641,168500.66
181,1642,223353.73
182,1643,226241.48
183,1644,233826.0
184,1645,185005.75
185,1646,153298.81
186,1647,146180.75
187,1648,134680.17
188,1649,137406.1
189,1650,115425.5
190,1651,123037.93
191,1652,99982.17
192,1653,102493.57
193,1654,146854.95
194,1655,138238.6
195,1656,141575.64
196,1657,144103.89
197,1658,147412.27
198,1659,118985.48
199,1660,145224.16
200,1661,461801.25
201,1662,379760.97
202,1663,372530.1
203,1664,463902.12
204,1665,337734.94
205,1666,343919.22
206,1667,379350.66
207,1668,354911.88
208,1669,310951.9
209,1670,361491.56
210,1671,248703.89
211,1672,448995.2
212,1673,286208.0
213,1674,238185.86
214,1675,183794.2
215,1676,200867.47
216,1677,216468.31
217,1678,458272.75
218,1679,398952.78
219,1680,345225.1
220,1681,270391.94
221,1682,330654.44
222,1683,167339.06
223,1684,178964.05
224,1685,171019.47
225,1686,162273.33
226,1687,166964.69
227,1688,193844.25
228,1689,204572.62
229,1690,191429.69
230,1691,181894.27
231,1692,282750.97
232,1693,166679.33
233,1694,182275.36
234,1695,162821.6
235,1696,292569.66
236,1697,169633.34
237,1698,371934.03
238,1699,328789.0
239,1700,238470.14
240,1701,273601.16
241,1702,251735.25
242,1703,262323.78
243,1704,259733.98
244,1705,235725.3
245,1706,451404.3
246,1707,209819.89
247,1708,212083.7
248,1709,292368.6
249,1710,225410.25
250,1711,271575.25
251,1712,270375.66
252,1713,254572.83
253,1714,220437.23
254,1715,210931.52
255,1716,184084.52
256,1717,180864.62
257,1718,131921.84
258,1719,201332.94
259,1720,237471.22
260,1721,174533.55
261,1722,131960.25
262,1723,161611.72
263,1724,212162.58
264,1725,236890.8
265,1726,197493.27
266,1727,165217.8
267,1728,188961.19
268,1729,170388.44
269,1730,168121.69
270,1731,124213.484
271,1732,129131.55
272,1733,122840.18
273,1734,123885.62
274,1735,137671.5
275,1736,125127.516
276,1737,344493.16
277,1738,228568.69
278,1739,267460.94
279,1740,236871.12
280,1741,203146.8
281,1742,167422.66
282,1743,165579.97
283,1744,308465.2
284,1745,201975.97
285,1746,174395.75
286,1747,210786.17
287,1748,219220.3
288,1749,156955.55
289,1750,124949.37
290,1751,251980.64
291,1752,124830.164
292,1753,149945.19
293,1754,184610.78
294,1755,166030.2
295,1756,125141.055
296,1757,121392.766
297,1758,140324.97
298,1759,165397.25
299,1760,161940.36
300,1761,139436.33
301,1762,183745.83
302,1763,172071.28
303,1764,123371.93
304,1765,162414.88
305,1766,168531.11
306,1767,244548.95
307,1768,143834.05
308,1769,182560.31
309,1770,163266.42
310,1771,127983.37
311,1772,134310.58
312,1773,136911.67
313,1774,142818.56
314,1775,139247.39
315,1776,118318.2
316,1777,113371.59
317,1778,136255.64
318,1779,123780.46
319,1780,181432.83
320,1781,127268.414
321,1782,91418.45
322,1783,148197.7
323,1784,113743.945
324,1785,122753.92
325,1786,169424.23
326,1787,176737.28
327,1788,52774.14
328,1789,106601.29
329,1790,73801.03
330,1791,181805.08
331,1792,152204.52
332,1793,136333.6
333,1794,155642.69
334,1795,129012.1
335,1796,130153.5
336,1797,114963.78
337,1798,124468.36
338,1799,107586.484
339,1800,128814.54
340,1801,135243.16
341,1802,135310.72
342,1803,145028.69
343,1804,146872.75
344,1805,139912.19
345,1806,125962.06
346,1807,124003.97
347,1808,132503.84
348,1809,112319.73
349,1810,134600.31
350,1811,96551.81
351,1812,93794.75
352,1813,126032.7
353,1814,93208.75
354,1815,54356.184
355,1816,93666.44
356,1817,106102.734
357,1818,153915.27
358,1819,127681.8
359,1820,62471.32
360,1821,105988.61
361,1822,154306.73
362,1823,49485.098
363,1824,130426.62
364,1825,130822.02
365,1826,100584.445
366,1827,96514.66
367,1828,132069.8
368,1829,105455.9
369,1830,135870.48
370,1831,140481.03
371,1832,81598.78
372,1833,131496.55
373,1834,113219.75
374,1835,124297.39
375,1836,114216.81
376,1837,84978.65
377,1838,131808.66
378,1839,94555.61
379,1840,169156.52
380,1841,147404.05
381,1842,93757.25
382,1843,131633.34
383,1844,143042.8
384,1845,149304.14
385,1846,158805.64
386,1847,177845.72
387,1848,50347.36
388,1849,116750.914
389,1850,124036.71
390,1851,164410.39
391,1852,131075.17
392,1853,132093.38
393,1854,180677.48
394,1855,145472.56
395,1856,230005.94
396,1857,159096.56
397,1858,123785.555
398,1859,120893.2
399,1860,152570.48
400,1861,119367.78
401,1862,327809.22
402,1863,316781.75
403,1864,316781.75
404,1865,377380.12
405,1866,374382.53
406,1867,244723.14
407,1868,291064.97
408,1869,198333.86
409,1870,244842.48
410,1871,273526.3
411,1872,171963.48
412,1873,233907.42
413,1874,147463.48
414,1875,193704.45
415,1876,202826.02
416,1877,197128.56
417,1878,218623.27
418,1879,122137.71
419,1880,137442.86
420,1881,244289.5
421,1882,249441.08
422,1883,186822.4
423,1884,203409.84
424,1885,254341.92
425,1886,288954.56
426,1887,195338.69
427,1888,252131.0
428,1889,162054.16
429,1890,144984.61
430,1891,132362.9
431,1892,107548.68
432,1893,131821.33
433,1894,128785.91
434,1895,141427.81
435,1896,133144.52
436,1897,121010.484
437,1898,124100.53
438,1899,156057.62
439,1900,130734.78
440,1901,159041.16
441,1902,134509.97
442,1903,190910.33
443,1904,126747.516
444,1905,189789.36
445,1906,169731.17
446,1907,194350.55
447,1908,112556.17
448,1909,137898.48
449,1910,124584.28
450,1911,198007.61
451,1912,328838.8
452,1913,142023.92
453,1914,69999.83
454,1915,312592.88
455,1916,70757.01
456,1917,259507.44
457,1918,135379.66
458,1919,179114.22
459,1920,167179.31
460,1921,428130.66
461,1922,335821.7
462,1923,224532.23
463,1924,221502.72
464,1925,204178.6
465,1926,384379.75
466,1927,135914.28
467,1928,148248.23
468,1929,133107.75
469,1930,139640.36
470,1931,149845.1
471,1932,147203.03
472,1933,186411.98
473,1934,175793.72
474,1935,163993.4
475,1936,185077.34
476,1937,192625.97
477,1938,183753.7
478,1939,254798.8
479,1940,178914.27
480,1941,175395.56
481,1942,180657.4
482,1943,216560.38
483,1944,359933.38
484,1945,382677.62
485,1946,148506.12
486,1947,314935.4
487,1948,155577.83
488,1949,270581.03
489,1950,184757.72
490,1951,242867.86
491,1952,200072.3
492,1953,164154.34
493,1954,183730.34
494,1955,133703.77
495,1956,324387.7
496,1957,141199.7
497,1958,343602.12
498,1959,150480.48
499,1960,119720.02
500,1961,124323.25
501,1962,98596.484
502,1963,104213.12
503,1964,109008.79
504,1965,145482.22
505,1966,135403.12
506,1967,276755.12
507,1968,426342.78
508,1969,388362.8
509,1970,447073.03
510,1971,441470.2
511,1972,393648.28
512,1973,256808.92
513,1974,330099.22
514,1975,455338.88
515,1976,263164.72
516,1977,366132.62
517,1978,369767.75
518,1979,342031.1
519,1980,189425.78
520,1981,343919.25
521,1982,222460.77
522,1983,209833.92
523,1984,162802.11
524,1985,216808.78
525,1986,215221.94
526,1987,176531.86
527,1988,181567.33
528,1989,187387.33
529,1990,219099.2
530,1991,239538.19
531,1992,212361.72
532,1993,168755.92
533,1994,231230.3
534,1995,182307.94
535,1996,248045.6
536,1997,325927.84
537,1998,318055.16
538,1999,267011.72
539,2000,319384.22
540,2001,261808.61
541,2002,223957.39
542,2003,245887.22
543,2004,278065.78
544,2005,214999.62
545,2006,228764.38
546,2007,241617.34
547,2008,219359.11
548,2009,197248.44
549,2010,191618.17
550,2011,151193.38
551,2012,173012.16
552,2013,184017.02
553,2014,191149.58
554,2015,196321.69
555,2016,205990.05
556,2017,190000.25
557,2018,134624.02
558,2019,140161.25
559,2020,116154.01
560,2021,114424.45
561,2022,175159.23
562,2023,149292.23
563,2024,252800.86
564,2025,379439.44
565,2026,170686.75
566,2027,158073.3
567,2028,148686.28
568,2029,158992.61
569,2030,270115.72
570,2031,243864.1
571,2032,255811.31
572,2033,266033.75
573,2034,163164.33
574,2035,207129.45
575,2036,185297.27
576,2037,186275.2
577,2038,292988.56
578,2039,214051.1
579,2040,279469.0
580,2041,268602.34
581,2042,200494.83
582,2043,160903.36
583,2044,166690.28
584,2045,220657.17
585,2046,143084.17
586,2047,140944.44
587,2048,132308.02
588,2049,144496.81
589,2050,180159.11
590,2051,107286.57
591,2052,123649.4
592,2053,149405.03
593,2054,98457.73
594,2055,157300.53
595,2056,149357.42
596,2057,123609.62
597,2058,240326.47
598,2059,138945.14
599,2060,172081.05
600,2061,172245.45
601,2062,133640.52
602,2063,113766.164
603,2064,136872.42
604,2065,123708.39
605,2066,169829.53
606,2067,125559.61
607,2068,142117.28
608,2069,85722.03
609,2070,123048.14
610,2071,101147.305
611,2072,131447.3
612,2073,143597.6
613,2074,193686.64
614,2075,140412.31
615,2076,111500.34
616,2077,149219.1
617,2078,127825.14
618,2079,130548.12
619,2080,120054.734
620,2081,127554.83
621,2082,127682.69
622,2083,139265.1
623,2084,112033.09
624,2085,120203.03
625,2086,137687.12
626,2087,121895.01
627,2088,97574.164
628,2089,70149.984
629,2090,120350.64
630,2091,115556.4
631,2092,134157.52
632,2093,138320.89
633,2094,108134.13
634,2095,162713.16
635,2096,80260.86
636,2097,95991.625
637,2098,132809.83
638,2099,53238.5
639,2100,84990.56
640,2101,113918.4
641,2102,118071.016
642,2103,100484.805
643,2104,134547.86
644,2105,122709.48
645,2106,74495.11
646,2107,215623.02
647,2108,113100.94
648,2109,104205.2
649,2110,122304.46
650,2111,142046.27
651,2112,140386.9
652,2113,115525.49
653,2114,115684.914
654,2115,153266.83
655,2116,112290.945
656,2117,146180.84
657,2118,127105.9
658,2119,103728.53
659,2120,115497.44
660,2121,85139.77
661,2122,109592.06
662,2123,96428.9
663,2124,152946.53
664,2125,125819.305
665,2126,136389.14
666,2127,159513.36
667,2128,123981.08
668,2129,108096.13
669,2130,129578.09
670,2131,159894.36
671,2132,114382.016
672,2133,117112.84
673,2134,127858.29
674,2135,99942.445
675,2136,79049.95
676,2137,112897.98
677,2138,135671.14
678,2139,152205.73
679,2140,139560.34
680,2141,153893.48
681,2142,131055.03
682,2143,138631.5
683,2144,115890.07
684,2145,138936.14
685,2146,190104.52
686,2147,145817.16
687,2148,137582.22
688,2149,158962.61
689,2150,233156.27
690,2151,107395.05
691,2152,173563.02
692,2153,158003.11
693,2154,107855.18
694,2155,141616.23
695,2156,273294.72
696,2157,236863.06
697,2158,241993.34
698,2159,195687.53
699,2160,173186.62
700,2161,224157.38
701,2162,415251.06
702,2163,393964.16
703,2164,259126.1
704,2165,211288.08
705,2166,151793.02
706,2167,206673.56
707,2168,203207.33
708,2169,194987.61
709,2170,222414.97
710,2171,146765.8
711,2172,127896.87
712,2173,166842.6
713,2174,222358.22
714,2175,297155.7
715,2176,310556.9
716,2177,239939.47
717,2178,206322.7
718,2179,141611.62
719,2180,221394.17
720,2181,178282.56
721,2182,227879.62
722,2183,190710.95
723,2184,125138.664
724,2185,140240.7
725,2186,134281.86
726,2187,155647.05
727,2188,160635.14
728,2189,263224.8
729,2190,78926.01
730,2191,82341.88
731,2192,95972.21
732,2193,113732.79
733,2194,113764.805
734,2195,115964.85
735,2196,103354.8
736,2197,133466.42
737,2198,166337.95
738,2199,190691.11
739,2200,130543.81
740,2201,140146.22
741,2202,191604.81
742,2203,140217.25
743,2204,176277.66
744,2205,117733.31
745,2206,133621.56
746,2207,203555.6
747,2208,254741.38
748,2209,198844.2
749,2210,120565.64
750,2211,119128.125
751,2212,110401.38
752,2213,105756.984
753,2214,122906.98
754,2215,100713.055
755,2216,150610.31
756,2217,68368.33
757,2218,89439.93
758,2219,89390.586
759,2220,88002.38
760,2221,313431.2
761,2222,260158.69
762,2223,294412.1
763,2224,219523.4
764,2225,132055.5
765,2226,186259.56
766,2227,207735.4
767,2228,264611.47
768,2229,248971.98
769,2230,149708.89
770,2231,218626.25
771,2232,183853.84
772,2233,187599.36
773,2234,237797.0
774,2235,215994.52
775,2236,257061.05
776,2237,325883.03
777,2238,217278.97
778,2239,112714.664
779,2240,161840.19
780,2241,162397.28
781,2242,121985.234
782,2243,120329.03
783,2244,109393.19
784,2245,104943.3
785,2246,137599.11
786,2247,110447.24
787,2248,121802.984
788,2249,122936.79
789,2250,135126.44
790,2251,97555.9
791,2252,161142.22
792,2253,155801.02
793,2254,170029.31
794,2255,181374.69
795,2256,176641.48
796,2257,211578.12
797,2258,160155.05
798,2259,175303.34
799,2260,160522.25
800,2261,183432.72
801,2262,200712.84
802,2263,341539.03
803,2264,462604.4
804,2265,153899.08
805,2266,291013.8
806,2267,359454.56
807,2268,392149.6
808,2269,152072.28
809,2270,190357.19
810,2271,214652.19
811,2272,194710.92
812,2273,161784.03
813,2274,177846.78
814,2275,155815.06
815,2276,201018.53
816,2277,175746.36
817,2278,144271.31
818,2279,136905.92
819,2280,115287.37
820,2281,173227.83
821,2282,192662.5
822,2283,105183.98
823,2284,118513.63
824,2285,132363.7
825,2286,127452.23
826,2287,343963.7
827,2288,249821.5
828,2289,375375.1
829,2290,425398.72
830,2291,313913.78
831,2292,454171.88
832,2293,466957.44
833,2294,428392.1
834,2295,430633.72
835,2296,281667.22
836,2297,336314.1
837,2298,330471.66
838,2299,382415.8
839,2300,370203.8
840,2301,295853.7
841,2302,229160.0
842,2303,243546.61
843,2304,226968.31
844,2305,181310.44
845,2306,179781.95
846,2307,192715.77
847,2308,242187.89
848,2309,285218.0
849,2310,218651.47
850,2311,178828.9
851,2312,181700.42
852,2313,175256.86
853,2314,161096.94
854,2315,179539.28
855,2316,181801.77
856,2317,180724.36
857,2318,178910.78
858,2319,172280.25
859,2320,195934.52
860,2321,240517.55
861,2322,164857.9
862,2323,187131.83
863,2324,179930.6
864,2325,203188.02
865,2326,169395.94
866,2327,207970.22
867,2328,219166.33
868,2329,187149.97
869,2330,178044.28
870,2331,368230.66
871,2332,387533.94
872,2333,310461.53
873,2334,259178.14
874,2335,264893.44
875,2336,313008.72
876,2337,205534.95
877,2338,256114.7
878,2339,229884.16
879,2340,359160.47
880,2341,211856.92
881,2342,227798.08
882,2343,233500.78
883,2344,212835.77
884,2345,220435.5
885,2346,219477.1
886,2347,191745.94
887,2348,228978.84
888,2349,187822.12
889,2350,306022.8
890,2351,262339.75
891,2352,258945.55
892,2353,272737.25
893,2354,133061.7
894,2355,136700.17
895,2356,152237.84
896,2357,187954.69
897,2358,188864.56
898,2359,134362.62
899,2360,119213.5
900,2361,140308.62
901,2362,251618.94
902,2363,140416.73
903,2364,180993.02
904,2365,217634.89
905,2366,198484.4
906,2367,222193.1
907,2368,208156.73
908,2369,216348.16
909,2370,165115.0
910,2371,166261.11
911,2372,191418.61
912,2373,260911.84
913,2374,332042.25
914,2375,239198.4
915,2376,268669.75
916,2377,322448.9
917,2378,145645.08
918,2379,185148.97
919,2380,146579.73
920,2381,155607.98
921,2382,200909.88
922,2383,214939.36
923,2384,245418.0
924,2385,168020.4
925,2386,138708.1
926,2387,134980.25
927,2388,104063.68
928,2389,130924.55
929,2390,154984.88
930,2391,137861.06
931,2392,119638.23
932,2393,165404.98
933,2394,147316.47
934,2395,204526.31
935,2396,144977.08
936,2397,217860.12
937,2398,128338.695
938,2399,52554.227
939,2400,48550.63
940,2401,118247.52
941,2402,138746.22
942,2403,132574.08
943,2404,158986.5
944,2405,162700.55
945,2406,142337.12
946,2407,129052.38
947,2408,144206.84
948,2409,128456.266
949,2410,160730.03
950,2411,118697.33
951,2412,154662.17
952,2413,135880.75
953,2414,158364.98
954,2415,138332.53
955,2416,126512.88
956,2417,133523.42
957,2418,132904.52
958,2419,127252.66
959,2420,130442.55
960,2421,151097.83
961,2422,122459.76
962,2423,134538.36
963,2424,158833.75
964,2425,219094.77
965,2426,133318.92
966,2427,145265.38
967,2428,168741.69
968,2429,121501.77
969,2430,129064.21
970,2431,111152.14
971,2432,142131.25
972,2433,139938.81
973,2434,139237.86
974,2435,143135.77
975,2436,112596.57
976,2437,110455.26
977,2438,129910.58
978,2439,109762.08
979,2440,115307.14
980,2441,99167.19
981,2442,99026.36
982,2443,134169.86
983,2444,134933.45
984,2445,85948.25
985,2446,147256.73
986,2447,175844.95
987,2448,132064.6
988,2449,101051.93
989,2450,159451.11
990,2451,127746.64
991,2452,210078.1
992,2453,92360.516
993,2454,124333.21
994,2455,123556.51
995,2456,119098.83
996,2457,127657.43
997,2458,127755.88
998,2459,105000.305
999,2460,128986.63
1000,2461,121188.586
1001,2462,128864.25
1002,2463,118552.78
1003,2464,176353.3
1004,2465,134277.1
1005,2466,112516.33
1006,2467,150362.67
1007,2468,81939.57
1008,2469,77870.04
1009,2470,186962.64
1010,2471,211368.56
1011,2472,148849.66
1012,2473,106629.125
1013,2474,82885.98
1014,2475,243962.22
1015,2476,117128.195
1016,2477,131110.19
1017,2478,151108.72
1018,2479,118121.81
1019,2480,165973.11
1020,2481,127595.125
1021,2482,131672.94
1022,2483,120523.28
1023,2484,123673.664
1024,2485,126855.14
1025,2486,155750.14
1026,2487,213037.1
1027,2488,179893.7
1028,2489,156096.28
1029,2490,156290.36
1030,2491,99747.64
1031,2492,173346.06
1032,2493,159990.42
1033,2494,153731.47
1034,2495,92290.21
1035,2496,264585.1
1036,2497,150677.78
1037,2498,115967.26
1038,2499,105298.086
1039,2500,126684.9
1040,2501,137945.95
1041,2502,141969.28
1042,2503,108184.05
1043,2504,166406.34
1044,2505,234159.02
1045,2506,247823.42
1046,2507,287153.4
1047,2508,243656.34
1048,2509,214777.66
1049,2510,233564.88
1050,2511,175626.7
1051,2512,207097.73
1052,2513,221181.73
1053,2514,249280.56
1054,2515,148526.42
1055,2516,183059.33
1056,2517,147530.16
1057,2518,152046.02
1058,2519,231361.2
1059,2520,207247.25
1060,2521,187886.44
1061,2522,221071.03
1062,2523,126839.03
1063,2524,140262.08
1064,2525,144315.98
1065,2526,132478.62
1066,2527,121731.695
1067,2528,129292.34
1068,2529,139444.58
1069,2530,128218.49
1070,2531,238976.14
1071,2532,221241.64
1072,2533,195239.22
1073,2534,233132.72
1074,2535,307394.62
1075,2536,274379.0
1076,2537,249633.14
1077,2538,178159.72
1078,2539,187763.33
1079,2540,178599.89
1080,2541,179341.44
1081,2542,167094.94
1082,2543,133494.95
1083,2544,122798.06
1084,2545,140667.67
1085,2546,141983.73
1086,2547,139644.56
1087,2548,141464.56
1088,2549,168448.81
1089,2550,518619.38
1090,2551,138265.38
1091,2552,127347.25
1092,2553,76116.96
1093,2554,100341.414
1094,2555,131783.69
1095,2556,109426.664
1096,2557,112716.78
1097,2558,153212.94
1098,2559,123049.7
1099,2560,150067.3
1100,2561,131922.89
1101,2562,130750.17
1102,2563,142843.36
1103,2564,180590.55
1104,2565,124273.62
1105,2566,161068.1
1106,2567,117864.65
1107,2568,193675.84
1108,2569,206603.64
1109,2570,118602.04
1110,2571,181997.81
1111,2572,143520.94
1112,2573,214111.38
1113,2574,253241.77
1114,2575,128148.18
1115,2576,125245.92
1116,2577,147688.61
1117,2578,88522.45
1118,2579,74042.88
1119,2580,131682.56
1120,2581,116751.39
1121,2582,124296.4
1122,2583,257500.88
1123,2584,171721.86
1124,2585,196706.84
1125,2586,210812.56
1126,2587,178664.22
1127,2588,135472.8
1128,2589,146987.22
1129,2590,224926.73
1130,2591,236410.3
1131,2592,209197.77
1132,2593,251531.7
1133,2594,182578.03
1134,2595,199905.6
1135,2596,305899.25
1136,2597,185302.11
1137,2598,279085.62
1138,2599,337157.1
1139,2600,142188.1
1140,2601,151390.69
1141,2602,81861.74
1142,2603,98454.875
1143,2604,86357.66
1144,2605,80000.945
1145,2606,160413.7
1146,2607,189360.78
1147,2608,199840.52
1148,2609,162900.8
1149,2610,108820.61
1150,2611,112725.56
1151,2612,150102.14
1152,2613,133959.8
1153,2614,130247.484
1154,2615,155458.52
1155,2616,147528.9
1156,2617,163288.2
1157,2618,213689.89
1158,2619,197666.39
1159,2620,177538.58
1160,2621,174323.53
1161,2622,177720.34
1162,2623,238256.92
1163,2624,324109.8
1164,2625,302470.12
1165,2626,167530.4
1166,2627,151263.0
1167,2628,432691.0
1168,2629,437114.16
1169,2630,353341.38
1170,2631,420980.12
1171,2632,421970.53
1172,2633,291211.06
1173,2634,394437.72
1174,2635,158505.47
1175,2636,175383.02
1176,2637,180648.1
1177,2638,254168.6
1178,2639,183827.0
1179,2640,152350.27
1180,2641,105268.57
1181,2642,193314.72
1182,2643,102489.664
1183,2644,129103.3
1184,2645,111692.34
1185,2646,98849.914
1186,2647,105612.28
1187,2648,133211.78
1188,2649,144491.58
1189,2650,130990.305
1190,2651,143127.44
1191,2652,403448.47
1192,2653,260260.34
1193,2654,252727.39
1194,2655,377231.66
1195,2656,339652.4
1196,2657,326479.3
1197,2658,312376.0
1198,2659,308267.88
1199,2660,365039.97
1200,2661,352097.53
1201,2662,376338.9
1202,2663,283939.22
1203,2664,285232.53
1204,2665,345507.84
1205,2666,294899.47
1206,2667,164887.6
1207,2668,179978.23
1208,2669,183113.86
1209,2670,282583.44
1210,2671,184384.2
1211,2672,183583.97
1212,2673,187481.89
1213,2674,189582.7
1214,2675,167430.66
1215,2676,188086.3
1216,2677,194090.62
1217,2678,264712.03
1218,2679,287983.28
1219,2680,291130.62
1220,2681,404180.9
1221,2682,325949.28
1222,2683,467644.38
1223,2684,334759.97
1224,2685,323369.66
1225,2686,270536.06
1226,2687,340874.38
1227,2688,209561.83
1228,2689,211130.67
1229,2690,414360.7
1230,2691,195508.98
1231,2692,132424.16
1232,2693,188092.47
1233,2694,137512.31
1234,2695,195168.0
1235,2696,184307.14
1236,2697,187291.84
1237,2698,187687.08
1238,2699,176269.88
1239,2700,163298.77
1240,2701,162640.28
1241,2702,129538.66
1242,2703,134978.3
1243,2704,139985.78
1244,2705,124353.64
1245,2706,123059.1
1246,2707,132012.03
1247,2708,134868.66
1248,2709,105795.24
1249,2710,127654.445
1250,2711,262713.78
1251,2712,389467.62
1252,2713,162738.05
1253,2714,150864.44
1254,2715,166912.17
1255,2716,152733.31
1256,2717,178557.06
1257,2718,231294.23
1258,2719,157171.34
1259,2720,172413.39
1260,2721,136164.27
1261,2722,159762.97
1262,2723,149334.08
1263,2724,134504.64
1264,2725,134797.94
1265,2726,142930.48
1266,2727,193141.53
1267,2728,170255.53
1268,2729,147662.27
1269,2730,146140.08
1270,2731,131937.98
1271,2732,120701.07
1272,2733,160167.27
1273,2734,163458.4
1274,2735,135878.86
1275,2736,139157.84
1276,2737,125415.67
1277,2738,139387.38
1278,2739,166640.03
1279,2740,139865.75
1280,2741,136884.75
1281,2742,157920.58
1282,2743,143161.02
1283,2744,144804.11
1284,2745,144414.34
1285,2746,138099.64
1286,2747,141161.64
1287,2748,130203.16
1288,2749,130055.11
1289,2750,137518.08
1290,2751,129894.7
1291,2752,194108.89
1292,2753,151947.11
1293,2754,279284.72
1294,2755,129555.76
1295,2756,103664.09
1296,2757,71557.484
1297,2758,90222.2
1298,2759,168886.17
1299,2760,117236.555
1300,2761,149429.77
1301,2762,140448.55
1302,2763,187196.28
1303,2764,142820.1
1304,2765,314865.47
1305,2766,142867.97
1306,2767,83206.87
1307,2768,128524.96
1308,2769,130954.27
1309,2770,139756.83
1310,2771,119073.664
1311,2772,112059.71
1312,2773,166870.28
1313,2774,129164.0
1314,2775,124378.21
1315,2776,131656.81
1316,2777,133204.25
1317,2778,101828.56
1318,2779,126777.81
1319,2780,92775.39
1320,2781,97624.055
1321,2782,91600.28
1322,2783,90514.125
1323,2784,116289.37
1324,2785,138954.28
1325,2786,52086.242
1326,2787,121532.836
1327,2788,78514.81
1328,2789,161528.22
1329,2790,103131.94
1330,2791,115887.836
1331,2792,57023.73
1332,2793,172743.94
1333,2794,79836.57
1334,2795,112825.45
1335,2796,98750.984
1336,2797,166549.05
1337,2798,94846.02
1338,2799,114334.7
1339,2800,58331.508
1340,2801,106294.18
1341,2802,136532.8
1342,2803,152442.1
1343,2804,138401.66
1344,2805,107531.49
1345,2806,82352.055
1346,2807,149807.88
1347,2808,154560.97
1348,2809,134225.47
1349,2810,126909.055
1350,2811,151507.97
1351,2812,157357.45
1352,2813,172897.42
1353,2814,166758.89
1354,2815,109304.08
1355,2816,218196.47
1356,2817,160623.69
1357,2818,134590.0
1358,2819,152626.28
1359,2820,149528.64
1360,2821,127887.53
1361,2822,217796.58
1362,2823,318528.25
1363,2824,183290.22
1364,2825,147069.92
1365,2826,137104.02
1366,2827,136751.98
1367,2828,225130.03
1368,2829,218183.42
1369,2830,212046.75
1370,2831,181518.86
1371,2832,237296.17
1372,2833,300695.6
1373,2834,212949.47
1374,2835,216091.77
1375,2836,194698.02
1376,2837,143327.64
1377,2838,153240.7
1378,2839,191045.05
1379,2840,191403.2
1380,2841,195924.39
1381,2842,220127.4
1382,2843,139170.69
1383,2844,160890.1
1384,2845,123549.47
1385,2846,208210.33
1386,2847,203080.05
1387,2848,215379.62
1388,2849,199278.27
1389,2850,274475.3
1390,2851,237324.53
1391,2852,219382.06
1392,2853,263039.22
1393,2854,138915.62
1394,2855,193219.64
1395,2856,197403.58
1396,2857,182801.1
1397,2858,189653.58
1398,2859,140148.42
1399,2860,121535.15
1400,2861,123221.43
1401,2862,206801.3
1402,2863,126560.83
1403,2864,252504.84
1404,2865,136954.94
1405,2866,141920.52
1406,2867,99433.91
1407,2868,106657.805
1408,2869,122661.14
1409,2870,128230.78
1410,2871,86547.36
1411,2872,62174.027
1412,2873,109748.01
1413,2874,132266.55
1414,2875,114402.984
1415,2876,167394.03
1416,2877,134724.62
1417,2878,149303.75
1418,2879,147817.23
1419,2880,110173.72
1420,2881,150619.28
1421,2882,159454.98
1422,2883,184663.19
1423,2884,199975.64
1424,2885,182583.14
1425,2886,242708.11
1426,2887,102047.17
1427,2888,135559.7
1428,2889,42064.496
1429,2890,81081.21
1430,2891,128410.375
1431,2892,45986.64
1432,2893,90559.445
1433,2894,55738.805
1434,2895,298443.6
1435,2896,268403.94
1436,2897,193903.97
1437,2898,151575.02
1438,2899,215431.8
1439,2900,149435.95
1440,2901,193952.42
1441,2902,180335.17
1442,2903,339143.25
1443,2904,349184.53
1444,2905,84495.34
1445,2906,206162.47
1446,2907,110774.34
1447,2908,131686.31
1448,2909,146036.38
1449,2910,77599.32
1450,2911,80253.9
1451,2912,146929.39
1452,2913,81318.71
1453,2914,70980.27
1454,2915,81269.42
1455,2916,82739.35
1456,2917,160982.89
1457,2918,123641.44
1458,2919,211870.66
